1.000000 
0.334665 
0.497735 
0.488648 
0.489154 
0.489126 
0.489127 
0.489127 
0.489127 
0.489127 
0.489127 
0.489127 
0.489127 
0.489127 
0.489127 
0.489127 
0.489127 
0.489127 
0.489127 
0.489127 
0.489127 
0.489127 
0.489127 
0.489127 
0.489127 
0.489126 
0.489154 
0.488648 
0.497735 
0.334665 
1.000000 
0.334663 
0.112000 
0.166574 
0.163532 
0.163702 
0.163692 
0.163693 
0.163693 
0.163693 
0.163693 
0.163693 
0.163693 
0.163693 
0.163693 
0.163693 
0.163693 
0.163693 
0.163693 
0.163693 
0.163693 
0.163693 
0.163693 
0.163693 
0.163693 
0.163693 
0.163692 
0.163702 
0.163532 
0.166574 
0.112000 
0.334663 
0.497762 
0.166583 
0.247754 
0.243230 
0.243482 
0.243468 
0.243469 
0.243469 
0.243469 
0.243469 
0.243469 
0.243469 
0.243469 
0.243469 
0.243469 
0.243469 
0.243469 
0.243469 
0.243469 
0.243469 
0.243469 
0.243469 
0.243469 
0.243469 
0.243469 
0.243468 
0.243482 
0.243230 
0.247754 
0.166583 
0.497762 
0.488168 
0.163372 
0.242978 
0.238542 
0.238789 
0.238775 
0.238776 
0.238776 
0.238776 
0.238776 
0.238776 
0.238776 
0.238776 
0.238776 
0.238776 
0.238776 
0.238776 
0.238776 
0.238776 
0.238776 
0.238776 
0.238776 
0.238776 
0.238776 
0.238776 
0.238775 
0.238789 
0.238542 
0.242978 
0.163372 
0.488168 
0.497762 
0.166583 
0.247754 
0.243230 
0.243482 
0.243468 
0.243469 
0.243469 
0.243469 
0.243469 
0.243469 
0.243469 
0.243469 
0.243469 
0.243469 
0.243469 
0.243469 
0.243469 
0.243469 
0.243469 
0.243469 
0.243469 
0.243469 
0.243469 
0.243469 
0.243468 
0.243482 
0.243230 
0.247754 
0.166583 
0.497762 
0.334663 
0.112000 
0.166574 
0.163532 
0.163702 
0.163692 
0.163693 
0.163693 
0.163693 
0.163693 
0.163693 
0.163693 
0.163693 
0.163693 
0.163693 
0.163693 
0.163693 
0.163693 
0.163693 
0.163693 
0.163693 
0.163693 
0.163693 
0.163693 
0.163693 
0.163692 
0.163702 
0.163532 
0.166574 
0.112000 
0.334663 
1.000000 
0.334665 
0.497735 
0.488648 
0.489154 
0.489126 
0.489127 
0.489127 
0.489127 
0.489127 
0.489127 
0.489127 
0.489127 
0.489127 
0.489127 
0.489127 
0.489127 
0.489127 
0.489127 
0.489127 
0.489127 
0.489127 
0.489127 
0.489127 
0.489127 
0.489126 
0.489154 
0.488648 
0.497735 
0.334665 
1.000000 
